2 0.8657552083333333 0.5303518518518519 0.15432291666666667 0.1236388888888889
2 0.667578125 0.5313888888888889 0.16383854166666667 0.16008333333333333
2 0.45059375 0.5451851851851851 0.20190625 0.16580555555555554
2 0.127265625 0.581462962962963 0.25453125 0.22987037037037036
3 0.21328125 0.5685185185185185 0.1515625 0.24814814814814815
3 0.34791666666666665 0.5740740740740741 0.15833333333333333 0.2814814814814815
3 0.5216145833333333 0.549074074074074 0.0953125 0.19444444444444445
3 0.6249479166666667 0.5511111111111111 0.08504166666666667 0.1933703703703704
3 0.7175260416666667 0.5629814814814814 0.09319791666666667 0.2294074074074074
3 0.820859375 0.5344166666666667 0.0496875 0.13360185185185183
3 0.9014479166666667 0.5295740740740741 0.059578125 0.13624074074074072
3 0.9852187499999999 0.538675925925926 0.0295625 0.12468518518518518