3 0.3659166666666666 0.546212962962963 0.08075520833333334 0.1467037037037037
2 0.17708333333333334 0.5449074074074074 0.35 0.2564814814814815
2 0.8416666666666667 0.5277777777777778 0.13958333333333334 0.11851851851851852
2 0.7645156249999999 0.5235555555555556 0.12088020833333334 0.10677777777777778
3 0.06931250000000001 0.5826296296296296 0.13861979166666666 0.28903703703703704
3 0.5223802083333333 0.5500277777777778 0.09791666666666667 0.20637037037037037
3 0.6443958333333334 0.5482314814814815 0.088578125 0.2135462962962963
3 0.5853437499999999 0.5841203703703703 0.13399999999999998 0.2853333333333334
3 0.8807291666666667 0.5379166666666667 0.061572916666666665 0.16061111111111112
3 0.8200364583333334 0.5446481481481482 0.07444791666666667 0.1686851851851852
3 0.93346875 0.5367962962962963 0.047947916666666666 0.14221296296296296
3 0.9754427083333332 0.5491296296296296 0.04911458333333333 0.16330555555555556