2 0.10234375 0.5574074074074075 0.2046875 0.2814814814814815
3 0.22161458333333334 0.5560185185185185 0.14947916666666666 0.275
2 0.9185208333333333 0.5271944444444444 0.06590104166666667 0.08424999999999999
2 0.8605833333333333 0.5293333333333333 0.09366666666666666 0.11616666666666665
2 0.7584010416666668 0.5382222222222222 0.153640625 0.15368518518518517
3 0.9652604166666666 0.5406851851851853 0.044609375 0.12965740740740742
3 0.780890625 0.5528611111111111 0.05868229166666667 0.18297222222222223
2 0.5301927083333333 0.5574629629629629 0.27784375 0.2367962962962963
3 0.5340052083333333 0.5833611111111111 0.13978645833333334 0.3107962962962963
3 0.4679270833333333 0.6610555555555556 0.19424479166666667 0.4390648148148148
3 0.12284895833333334 0.6673425925925927 0.24569791666666668 0.5097314814814815