2 0.86653125 0.5316481481481481 0.14492708333333332 0.12825925925925927
2 0.6287395833333334 0.5455833333333333 0.16268229166666667 0.14475000000000002
3 0.19988020833333334 0.5487407407407408 0.09981770833333334 0.16215740740740742
3 0.2776927083333333 0.5465555555555556 0.10301041666666667 0.18050925925925926
3 0.4684270833333333 0.5617314814814814 0.11392708333333333 0.23197222222222222
3 0.6152395833333333 0.545675925925926 0.07043229166666666 0.17952777777777776
3 0.5549635416666666 0.5697592592592593 0.11422916666666666 0.24695370370370368
3 0.73759375 0.5535648148148148 0.07615104166666667 0.19103703703703703
3 0.869765625 0.5327685185185185 0.056343750000000005 0.13847222222222225
3 0.8351927083333333 0.5615925925925925 0.07088541666666666 0.19424074074074074
3 0.9706510416666667 0.5342407407407408 0.05869791666666667 0.1257037037037037