2 0.34624479166666666 0.5603981481481481 0.30941145833333333 0.2385
2 0.5829947916666666 0.5367314814814814 0.14270312500000001 0.11736111111111111
2 0.7205625 0.5424537037037037 0.168265625 0.13740740740740742
3 0.0671875 0.5717592592592593 0.13020833333333334 0.287962962962963
3 0.41901041666666666 0.5810185185185185 0.15052083333333333 0.28055555555555556
3 0.8874583333333333 0.544675925925926 0.06540104166666666 0.15917592592592592
3 0.7359375 0.5777777777777777 0.10520833333333333 0.23703703703703705
3 0.9238802083333333 0.5262314814814815 0.05435416666666667 0.12710185185185185
3 0.8205729166666667 0.5425925925925926 0.07447916666666667 0.16666666666666666
3 0.9794739583333333 0.5340555555555555 0.04105208333333333 0.1523611111111111
3 0.6330104166666667 0.5322592592592593 0.05917708333333334 0.11843518518518519