2 0.04531770833333334 0.5833796296296296 0.09063541666666668 0.1623611111111111
3 0.12640104166666666 0.5606944444444444 0.056942708333333335 0.19847222222222222
3 0.20391666666666666 0.5494259259259259 0.10155729166666667 0.2240925925925926
3 0.5489583333333333 0.5268611111111111 0.039635416666666666 0.09405555555555556
3 0.584984375 0.5233703703703704 0.030026041666666666 0.08856481481481482
3 0.6441250000000001 0.5371574074074074 0.05065104166666667 0.09218518518518519
2 0.7103177083333333 0.5236203703703703 0.09716666666666667 0.09056481481481482
3 0.7862291666666666 0.5363425925925925 0.057875 0.1025462962962963
3 0.8786302083333334 0.5426388888888889 0.056614583333333336 0.12112962962962963
2 0.4989427083333334 0.5231018518518519 0.058484375000000005 0.08241666666666667
2 0.9506770833333333 0.5436203703703704 0.06315625 0.1298148148148148