2 0.9602135416666666 0.5207870370370371 0.07957291666666667 0.1099537037037037
2 0.5572552083333334 0.5418518518518519 0.16247916666666665 0.1288888888888889
2 0.164578125 0.5561574074074074 0.32915625 0.24864814814814817
2 0.7544687499999999 0.5294259259259259 0.12891145833333334 0.11230555555555556
3 0.9752031250000001 0.529787037037037 0.04876041666666667 0.10469444444444444
3 0.8990312500000001 0.534712962962963 0.04928645833333333 0.11825
3 0.7808333333333334 0.5338703703703704 0.05346354166666667 0.12549074074074074
3 0.8241145833333333 0.5431574074074074 0.05941145833333333 0.14553703703703705
3 0.6868541666666667 0.5337777777777778 0.05805729166666666 0.14312037037037037
3 0.7288854166666667 0.5412037037037037 0.071109375 0.15723148148148147
3 0.5641666666666667 0.5455555555555556 0.08190104166666666 0.14924074074074076
3 0.47743749999999996 0.5427314814814814 0.08837500000000001 0.17750925925925926