2 0.6994791666666667 0.5328703703703703 0.140625 0.1361111111111111
2 0.9111979166666667 0.5175925925925926 0.14947916666666666 0.11666666666666667
2 0.4942708333333333 0.5486111111111112 0.18229166666666666 0.1527777777777778
2 0.13359375 0.5509259259259259 0.2671875 0.25
3 0.23515625 0.5601851851851852 0.13697916666666668 0.2351851851851852
3 0.43046875 0.5476851851851852 0.11302083333333333 0.18796296296296297
3 0.33151041666666664 0.5643518518518519 0.1421875 0.25092592592592594
3 0.6096770833333333 0.5351388888888889 0.06215104166666666 0.15126851851851852
3 0.5576354166666667 0.5614444444444444 0.10013020833333333 0.21264814814814814
3 0.8602552083333334 0.5314074074074073 0.056234374999999996 0.11750925925925926
3 0.9769895833333333 0.5303148148148148 0.04602604166666667 0.1381111111111111
3 0.9259791666666667 0.5296574074074074 0.05450520833333334 0.1280277777777778
3 0.78490625 0.5379907407407407 0.058453125 0.1429351851851852
3 0.8302864583333334 0.5471944444444444 0.06436979166666666 0.16135185185185183
3 0.699328125 0.5377685185185185 0.06091666666666666 0.14250000000000002