3 0.413984375 0.5677037037037037 0.11719270833333333 0.26351851851851854
3 0.17909895833333334 0.6060092592592593 0.19649479166666667 0.34912037037037036
2 0.31215625 0.549601851851852 0.19986458333333335 0.1824074074074074
3 0.5106927083333334 0.5265185185185185 0.05796354166666667 0.13624074074074072
3 0.5749739583333333 0.5310092592592592 0.024838541666666665 0.11227777777777778
3 0.6014322916666667 0.5321296296296296 0.04069791666666667 0.16244444444444445
3 0.6654322916666667 0.536 0.06428125 0.1671851851851852
3 0.7935104166666667 0.5494722222222221 0.05936458333333334 0.1552037037037037
2 0.768734375 0.5276388888888889 0.14961458333333333 0.14148148148148149
3 0.8953385416666666 0.5285092592592592 0.04069791666666667 0.12225925925925925
3 0.94425 0.5293888888888889 0.027364583333333335 0.11801851851851851
2 0.978984375 0.5171759259259259 0.04203125 0.13846296296296295