2 0.937828125 0.5231851851851852 0.12433854166666666 0.11697222222222223
2 0.7295260416666667 0.5337962962962963 0.144890625 0.12218518518518519
2 0.53246875 0.5470185185185185 0.19333854166666667 0.15022222222222223
2 0.1490625 0.5602407407407407 0.29811979166666663 0.25999074074074074
3 0.9508229166666666 0.5291944444444444 0.046947916666666666 0.12210185185185185
3 0.8659114583333333 0.5356296296296297 0.05641145833333334 0.12192592592592594
3 0.8215729166666667 0.5382037037037037 0.06317708333333333 0.13395370370370369
3 0.920203125 0.5364907407407407 0.051390625 0.14494444444444443
3 0.6564635416666668 0.5351203703703703 0.06458333333333334 0.1505
3 0.512640625 0.5526481481481481 0.086921875 0.17935185185185185
3 0.735796875 0.5503240740740741 0.07453125 0.16724999999999998
3 0.589265625 0.5528055555555556 0.090765625 0.19455555555555556
3 0.3921145833333333 0.5506296296296296 0.100015625 0.20262962962962963