2 0.11119791666666666 0.5504629629629629 0.22239583333333332 0.2638888888888889
3 0.21536458333333333 0.5601851851851852 0.15572916666666667 0.26481481481481484
1 0.95896875 0.48454629629629625 0.08206770833333334 0.1733333333333333
3 0.9246614583333332 0.5371203703703704 0.09835416666666667 0.1564259259259259
2 0.34071874999999996 0.5208148148148148 0.053796875 0.05701851851851852
3 0.30675 0.5237222222222222 0.02655208333333333 0.06038888888888889
3 0.4750416666666667 0.52725 0.03690104166666666 0.08583333333333333
2 0.6722083333333334 0.5254351851851852 0.13641145833333335 0.11196296296296296
3 0.56740625 0.5286759259259259 0.04644270833333333 0.1011574074074074
3 0.6505677083333333 0.5342962962962963 0.06200520833333333 0.11238888888888889
3 0.8020572916666667 0.5295462962962962 0.08194270833333334 0.14178703703703704