3 0.13772395833333334 0.5594259259259259 0.10944270833333333 0.20719444444444446
3 0.19301041666666666 0.5563888888888888 0.12336979166666667 0.2253888888888889
2 0.5638385416666666 0.5242777777777778 0.07964062499999999 0.06712962962962964
3 0.47051041666666665 0.5257407407407407 0.03677083333333333 0.08061111111111112
3 0.5148645833333333 0.5313055555555555 0.039739583333333335 0.08940740740740741
3 0.604484375 0.5299907407407407 0.045510416666666664 0.1008425925925926
2 0.7623645833333333 0.524712962962963 0.141640625 0.09966666666666667
3 0.6875052083333333 0.5280833333333333 0.05721875 0.09937037037037036
3 0.6372135416666667 0.526324074074074 0.050291666666666665 0.10288888888888889
3 0.7631875 0.5314537037037037 0.06941666666666667 0.1237037037037037
3 0.93525 0.5449444444444445 0.09893229166666666 0.14832407407407408