2 0.09609375 0.562037037037037 0.1921875 0.2574074074074074
2 0.42682291666666666 0.5546296296296296 0.18697916666666667 0.17222222222222222
2 0.6635052083333334 0.5346481481481481 0.141359375 0.13137962962962962
2 0.8745364583333333 0.5271388888888888 0.155859375 0.13352777777777777
3 0.043796875 0.6055370370370371 0.08759375 0.213
3 0.296546875 0.5647037037037037 0.12268229166666668 0.22087962962962965
3 0.20141145833333332 0.5952592592592593 0.17620833333333333 0.2986759259259259
3 0.5261510416666667 0.5442037037037037 0.08544270833333334 0.17928703703703702
3 0.637640625 0.5468888888888889 0.06447916666666667 0.15641666666666668
3 0.7289583333333333 0.5418055555555555 0.061619791666666666 0.1496388888888889
3 0.8925364583333334 0.5312129629629629 0.04891666666666667 0.13298148148148148
3 0.925015625 0.5355925925925926 0.06178125 0.14399074074074072
3 0.8363177083333333 0.531074074074074 0.05463020833333333 0.11575925925925926
3 0.7839062499999999 0.537712962962963 0.052723958333333334 0.13128703703703704
3 0.6805885416666667 0.5636018518518519 0.08610416666666666 0.1853148148148148