2 0.3585625 0.5546018518518518 0.22166666666666668 0.17169444444444446
2 0.6323541666666667 0.5360648148148148 0.14133854166666668 0.13899074074074075
2 0.8403802083333333 0.5281666666666667 0.16004166666666667 0.1297222222222222
3 0.08753125 0.5698611111111112 0.17506770833333332 0.2654444444444444
3 0.41727604166666665 0.5464259259259259 0.08278125 0.1902222222222222
3 0.49639583333333337 0.5398703703703703 0.061578125000000004 0.1275925925925926
3 0.37358854166666666 0.5840277777777778 0.14624479166666668 0.26108333333333333
3 0.5644427083333333 0.5494166666666667 0.090140625 0.17877777777777779
3 0.7244947916666666 0.5412222222222222 0.05453125 0.1419537037037037
3 0.6635000000000001 0.5489351851851852 0.07914062499999999 0.17375000000000002
3 0.8059375000000001 0.5328888888888889 0.05453125 0.13156481481481483
3 0.8630364583333333 0.5405925925925926 0.0625 0.1545462962962963
3 0.9704270833333334 0.5371388888888889 0.05915104166666666 0.11866666666666667
3 0.9296979166666667 0.5371388888888889 0.054885416666666666 0.1174074074074074