1 0.47552083333333334 0.425 0.515625 0.387037037037037
2 0.14765625 0.5773148148148148 0.2953125 0.2916666666666667
2 0.6380520833333333 0.5390833333333334 0.19391145833333334 0.15538888888888888
2 0.9682968750000001 0.5346111111111111 0.06340625 0.11816666666666667
3 0.17213541666666668 0.575 0.19427083333333334 0.3351851851851852
3 0.48125 0.5416666666666666 0.08958333333333333 0.19814814814814816
3 0.6067135416666667 0.5558425925925925 0.0979375 0.20979629629629631
3 0.6851822916666667 0.5373425925925926 0.07565625 0.17628703703703702
3 0.762875 0.543537037037037 0.06219270833333333 0.17987962962962964
3 0.792 0.5546018518518518 0.08404166666666667 0.18257407407407408
3 0.9386145833333334 0.552574074074074 0.06356250000000001 0.17205555555555554
3 0.8689114583333333 0.5455648148148149 0.06007291666666667 0.1612685185185185