2 0.6653072916666667 0.6016574074074074 0.22097916666666664 0.17345370370370372
2 0.38058854166666667 0.636712962962963 0.33282291666666663 0.2532314814814815
2 0.0951875 0.6521296296296296 0.19038020833333333 0.2719722222222222
3 0.9274635416666667 0.6049351851851852 0.07546354166666666 0.18492592592592594
3 0.9673020833333333 0.6293148148148148 0.06540104166666666 0.23850925925925923
3 0.6651458333333333 0.6194444444444445 0.110140625 0.21071296296296296
3 0.7685989583333334 0.6659722222222222 0.11580729166666666 0.2844351851851852
3 0.5376666666666666 0.6949814814814815 0.13574999999999998 0.31827777777777777
3 0.59046875 0.7129074074074074 0.195578125 0.3831481481481482
3 0.15240625 0.7010277777777778 0.19965624999999998 0.33520370370370367
3 0.10220833333333333 0.756425925925926 0.20441666666666666 0.4572777777777778