2 0.89446875 0.6028148148148148 0.18533333333333332 0.18833333333333332
2 0.6873802083333334 0.6060925925925926 0.16050520833333334 0.13896296296296298
2 0.31523958333333335 0.6277222222222223 0.23129687499999999 0.2101851851851852
2 0.5198697916666667 0.6362407407407408 0.3160989583333333 0.24121296296296296
3 0.9053072916666667 0.6150648148148148 0.068046875 0.19355555555555554
3 0.9531666666666666 0.6377777777777778 0.08876041666666666 0.21855555555555556
3 0.7773072916666667 0.6212500000000001 0.10055729166666666 0.23710185185185184
3 0.6273802083333333 0.6531018518518519 0.137 0.27608333333333335
3 0.380671875 0.684962962962963 0.17422916666666666 0.29525
3 0.09322916666666667 0.6917314814814816 0.18646354166666665 0.3242407407407408
3 0.045390625000000004 0.7888611111111111 0.09078645833333333 0.3310092592592593