2 0.9480677083333333 0.5994074074074074 0.10386458333333333 0.13050925925925924
2 0.7065781250000001 0.6136203703703704 0.21656250000000002 0.22233333333333333
2 0.4714010416666667 0.6196759259259259 0.21603645833333335 0.16546296296296295
2 0.19108854166666667 0.6663796296296297 0.38 0.3276296296296296
3 0.8236458333333334 0.5944814814814815 0.05915104166666666 0.14137037037037037
3 0.9546510416666667 0.6178703703703703 0.09069791666666666 0.2197777777777778
3 0.7962083333333333 0.6382037037037037 0.11253125 0.25399074074074074
3 0.6342031250000001 0.6410185185185184 0.10098437499999999 0.24352777777777776
3 0.5431822916666668 0.7054259259259259 0.1698125 0.3369166666666667
3 0.3606875 0.6619537037037037 0.18973958333333335 0.3320833333333333
3 0.15205729166666665 0.7671296296296296 0.304109375 0.46574074074074073