3 0.230765625 0.6296481481481482 0.11066666666666666 0.1822314814814815
2 0.40696354166666665 0.6264814814814815 0.30598437500000003 0.25204629629629627
2 0.6541927083333333 0.6222037037037037 0.22343229166666667 0.17981481481481482
3 0.9664270833333333 0.6100092592592592 0.06714583333333332 0.17730555555555558
3 0.692890625 0.6216018518518519 0.10293749999999999 0.21187962962962964
3 0.7473385416666667 0.6305462962962963 0.09561979166666666 0.22813888888888886
3 0.8259114583333333 0.647425925925926 0.09172916666666667 0.24562962962962961
3 0.8845885416666667 0.6734444444444445 0.10659895833333333 0.2846666666666667
3 0.503484375 0.6543333333333333 0.13954166666666667 0.2806018518518519
3 0.42765625 0.7187962962962963 0.21022395833333332 0.3656018518518519
3 0.05753125 0.6480277777777778 0.11414583333333334 0.21919444444444444
3 0.14960416666666668 0.661861111111111 0.18940625000000003 0.3005277777777778
3 0.06359374999999999 0.7938240740740741 0.12718749999999998 0.35462037037037036